<?xml version="1.0"?>
<opencv_storage>
<calibration_time>"Monday 08 May 2017 10:31:19 PM IST"</calibration_time>
<nr_of_frames>25</nr_of_frames>
<image_width>1280</image_width>
<image_height>720</image_height>
<board_width>5</board_width>
<board_height>4</board_height>
<square_size>5.7599998474121094e+01</square_size>
<fix_aspect_ratio>1.</fix_aspect_ratio>
<!-- flags: +fix_aspectRatio +fix_principal_point +zero_tangent_dist +fix_k4 +fix_k5 -->
<flags>6158</flags>
<fisheye_model>0</fisheye_model>
<camera_matrix type_id="opencv-matrix">
  <rows>3</rows>
  <cols>3</cols>
  <dt>d</dt>
  <data>
    1.8739679791685908e+03 0. 640. 0. 1.8739679791685908e+03 360. 0. 0.
    1.</data></camera_matrix>
<distortion_coefficients type_id="opencv-matrix">
  <rows>5</rows>
  <cols>1</cols>
  <dt>d</dt>
  <data>
    9.1589842813200151e-01 -9.5954110730284739e+01 0. 0.
    9.3508298201746879e+02</data></distortion_coefficients>
<avg_reprojection_error>1.9276699820230985e+00</avg_reprojection_error>
<per_view_reprojection_errors type_id="opencv-matrix">
  <rows>25</rows>
  <cols>1</cols>
  <dt>f</dt>
  <data>
    8.70961607e-01 1.50076067e+00 1.43233705e+00 1.36135161e+00
    1.35289502e+00 1.47822750e+00 1.64666915e+00 1.73573232e+00
    1.61694968e+00 1.74274850e+00 1.79196250e+00 1.83323979e+00
    2.06862903e+00 2.13758612e+00 2.11266088e+00 2.11474848e+00
    2.18922377e+00 2.14231968e+00 2.22774911e+00 2.21127343e+00
    2.27002263e+00 2.29067802e+00 2.27923107e+00 2.31858659e+00
    2.45538688e+00</data></per_view_reprojection_errors>
<!-- a set of 6-tuples (rotation vector + translation vector) for each view -->
<extrinsic_parameters type_id="opencv-matrix">
  <rows>25</rows>
  <cols>6</cols>
  <dt>d</dt>
  <data>
    1.1112874595489004e-01 -2.9000492544656309e-01
    3.3786178849137351e-02 1.5232996373278880e+02 1.9848924413596509e+02
    2.7001564869329068e+03 4.6887853339661986e-02
    -3.2847812653803327e-01 3.0569124822667527e-02
    1.0653250597976687e+02 1.9151411260870788e+02 2.6147717959065358e+03
    4.3330405933603371e-02 -3.3706254939715347e-01
    3.3859140744093214e-02 1.0351992273411686e+02 1.9030537283507340e+02
    2.5981292971227163e+03 6.3205402097832708e-02
    -3.5015265375297006e-01 3.8055104568071929e-02
    9.4324779717098778e+01 1.8814626305044334e+02 2.5440889666597172e+03
    6.5142789044093971e-02 -3.3916236227995794e-01
    3.4070876971305460e-02 8.6880031913969020e+01 1.8848376650114068e+02
    2.5301607081608349e+03 5.6858448643140241e-02
    -3.4443480252561115e-01 3.1205260630680472e-02
    7.5028138714749204e+01 1.8687318009579312e+02 2.4978730873368831e+03
    5.3095354087502905e-02 -3.4842771541682821e-01
    2.6443131328232429e-02 6.2293106042949432e+01 1.8425131766026010e+02
    2.4557235485884930e+03 6.3426670394525264e-02
    -3.4478268962894820e-01 2.8032135799250499e-02
    5.3881300142374272e+01 1.8171185761592696e+02 2.4251021787900836e+03
    6.7916386246829594e-02 -3.5415093099709927e-01
    3.6968681469674081e-02 4.5608708153027422e+01 1.7656472911698580e+02
    2.3821138641109055e+03 5.0108583229837203e-02
    -3.3082871217886511e-01 3.3676585064866794e-02
    2.5862515776360041e+01 1.7252457900929426e+02 2.3536408008462677e+03
    5.0915607170732215e-02 -3.3218264287590304e-01
    3.2031860584317326e-02 2.1769146386336185e+01 1.7087352976803217e+02
    2.3409961373809838e+03 4.8755971206618863e-02
    -3.3222219218880944e-01 2.9908450329999909e-02
    1.7808447085874874e+01 1.6972432020439044e+02 2.3357620863583998e+03
    5.0038629044877020e-02 -3.2994763074902844e-01
    2.6499922861445837e-02 1.3166663387057843e+01 1.6855369284892160e+02
    2.3236043971587283e+03 5.1912017330199615e-02
    -3.3137941982818642e-01 2.4345130960224240e-02
    8.6350903471048568e+00 1.6821780614037277e+02 2.3139914044326911e+03
    4.8097209803335567e-02 -3.2540589485928528e-01
    1.7973667960587022e-02 3.2163973106653301e+00 1.6762760591812571e+02
    2.3075060827455663e+03 3.8007691348172154e-02
    -3.2585744380942794e-01 1.2526845391142892e-02
    -2.3916457200241243e+00 1.6653389117470712e+02
    2.2973742316182102e+03 4.5691819147528942e-02
    -3.2859135567063702e-01 8.3177271913588667e-03
    -8.3131298097842432e+00 1.6588836773607650e+02
    2.2828681810877597e+03 3.9726568677063971e-02
    -3.2146078632121400e-01 2.7181075808738854e-03
    -1.4844167408167026e+01 1.6551977473004965e+02
    2.2761668497325095e+03 4.2877922971549486e-02
    -3.2364650387841798e-01 2.1331659272619003e-05
    -2.0856676776114941e+01 1.6337595103173368e+02
    2.2528552907353283e+03 4.6178925893335832e-02
    -3.2767447737759858e-01 -9.6081326026402564e-04
    -2.6124371926498949e+01 1.6167352952216672e+02
    2.2366913973798360e+03 5.0543932892647317e-02
    -3.1721245485844030e-01 -3.6863049032571848e-03
    -3.1242613303650653e+01 1.6060375911880135e+02
    2.2231121776839523e+03 6.0671245390872902e-02
    -3.2504352264544822e-01 -9.9460068063175321e-05
    -3.5326834406609301e+01 1.5841314478525527e+02
    2.2010903974627900e+03 6.8137528903668379e-02
    -3.2596507086602200e-01 2.1362193850727072e-03
    -4.0041041674788346e+01 1.5654782914211222e+02
    2.1831779475357366e+03 6.2660129312594057e-02
    -3.3290412405788983e-01 4.5258163198172571e-03
    -4.4778520528315276e+01 1.5502411724092110e+02
    2.1666792822559009e+03 4.4976955861147541e-02
    -3.3198600584890564e-01 7.2791883279815202e-03
    -4.9881848463879393e+01 1.5554247823815166e+02
    2.1617915073069644e+03</data></extrinsic_parameters>
